2 11 29 36 22
20 35 24 14 7
1 11 21 34 33
8 34 30 18 10
2 7 18 34 39
9 24 37 21 9
1 12 15 34 38
1 11 21 35 32
1 10 21 30 38
8 16 36 29 11
4 8 19 33 36
2 18 28 26 26
7 18 22 34 19
6 14 24 34 22
13 27 40 12 8
12 32 23 19 14
14 26 30 18 12
10 22 26 27 15
3 8 23 29 37
22 22 26 18 12